[
    {
        "timestamp": "2026-03-05T16:16:08.980364",
        "pdf_path": "temp_S\u00c3_HK\u00c3_TASO 1.KRS.pdf",
        "ifc_path": "temp_Asikainen1.ifc",
        "config": {
            "out_size": 2048,
            "margin": 10
        },
        "ecc_affine_score": 0.17502222485478658,
        "ecc_affine_warp": [
            [
                1.0070827007293701,
                0.015766186639666557,
                -69.90235137939453
            ],
            [
                -0.03832615911960602,
                1.0721142292022705,
                -24.93049430847168
            ]
        ],
        "ecc_euclidean_score": 0.10164837777118806,
        "ecc_euclidean_warp": [
            [
                0.9999853372573853,
                -0.005410054232925177,
                -92.84954071044922
            ],
            [
                0.005410054232925177,
                0.9999853372573853,
                2.0242953300476074
            ]
        ],
        "metrics": {
            "type": "ifc_to_pdf_trimmed_chamfer",
            "trim_q": 90.0,
            "mean_px": 16.182327270507812,
            "median_px": 10.505000114440918,
            "p90_px": 42.883705139160156,
            "within_2px": 0.261319804010147,
            "within_5px": 0.35714864880518005,
            "n_points": 383686,
            "n_used": 345324,
            "cutoff_px": 70.67007446289062
        },
        "A_pdf": [
            [
                1.118020640381053,
                0.0,
                10.0
            ],
            [
                0.0,
                -1.5411282913310016,
                2038.0
            ],
            [
                0.0,
                0.0,
                1.0
            ]
        ],
        "A_ifc": [
            [
                65.67154814146986,
                0.0,
                10.0
            ],
            [
                0.0,
                -106.12939264268768,
                2038.0
            ],
            [
                0.0,
                0.0,
                1.0
            ]
        ],
        "W_pdfPix_to_ifcPix": [
            [
                1.0071532300597046,
                0.010317583436143196,
                -163.377602181568
            ],
            [
                -0.03252540102912438,
                1.072305855666651,
                -19.20165220956892
            ],
            [
                0.0,
                0.0,
                1.0
            ]
        ],
        "T_ifcLocal_to_pdfLocal": [
            [
                58.30381257001276,
                0.9065978634353042,
                127.40846925132578
            ],
            [
                -1.2829566006977113,
                64.20121983063449,
                74.55055837010627
            ],
            [
                0.0,
                0.0,
                1.0
            ]
        ],
        "T_ifcWorld_to_pdfPage": [
            [
                58.30381257001276,
                0.9065978634353042,
                43919.31190149303
            ],
            [
                -1.2829566006977113,
                64.20121983063449,
                -6154.224360618587
            ],
            [
                0.0,
                0.0,
                1.0
            ]
        ],
        "T_pdfPage_to_ifcWorld": [
            [
                0.01714620914383692,
                -0.0002421249411899812,
                -754.5397985277901
            ],
            [
                0.00034263900679862877,
                0.015571189563776658,
                80.78012472799745
            ],
            [
                0.0,
                0.0,
                1.0
            ]
        ],
        "pdf_meta": {
            "method": "vector",
            "page_width_pt": 2383.92,
            "page_height_pt": 1683.839,
            "bbox": [
                0.0,
                0.0,
                1813.92,
                1315.9189999999999
            ],
            "shift": [
                21.839,
                205.44000000000005
            ],
            "coord_system": {
                "units": "pt",
                "y_axis": "up"
            }
        },
        "ifc_meta": {
            "bbox": [
                0.0,
                0.0,
                30.880953128001124,
                19.108749701675876
            ],
            "shift": [
                -752.0485629032977,
                85.19104879307753
            ],
            "unit_name": "mm",
            "unit_scale_to_m": 0.001
        }
    },
    {
        "timestamp": "2026-03-05T16:21:08.385142",
        "pdf_path": "temp_S\u00c3_HK\u00c3_TASO 1.KRS.pdf",
        "ifc_path": "temp_Asikainen1.ifc",
        "config": {
            "out_size": 2048,
            "margin": 10
        },
        "ecc_affine_score": 0.17502222485478658,
        "ecc_affine_warp": [
            [
                1.0070827007293701,
                0.015766186639666557,
                -69.90235137939453
            ],
            [
                -0.03832615911960602,
                1.0721142292022705,
                -24.93049430847168
            ]
        ],
        "ecc_euclidean_score": 0.10164837777118806,
        "ecc_euclidean_warp": [
            [
                0.9999853372573853,
                -0.005410054232925177,
                -92.84954071044922
            ],
            [
                0.005410054232925177,
                0.9999853372573853,
                2.0242953300476074
            ]
        ],
        "metrics": {
            "type": "ifc_to_pdf_trimmed_chamfer",
            "trim_q": 90.0,
            "mean_px": 16.182327270507812,
            "median_px": 10.505000114440918,
            "p90_px": 42.883705139160156,
            "within_2px": 0.261319804010147,
            "within_5px": 0.35714864880518005,
            "n_points": 383686,
            "n_used": 345324,
            "cutoff_px": 70.67007446289062
        },
        "A_pdf": [
            [
                1.118020640381053,
                0.0,
                10.0
            ],
            [
                0.0,
                -1.5411282913310016,
                2038.0
            ],
            [
                0.0,
                0.0,
                1.0
            ]
        ],
        "A_ifc": [
            [
                65.67154814146986,
                0.0,
                10.0
            ],
            [
                0.0,
                -106.12939264268768,
                2038.0
            ],
            [
                0.0,
                0.0,
                1.0
            ]
        ],
        "W_pdfPix_to_ifcPix": [
            [
                1.0071532300597046,
                0.010317583436143196,
                -163.377602181568
            ],
            [
                -0.03252540102912438,
                1.072305855666651,
                -19.20165220956892
            ],
            [
                0.0,
                0.0,
                1.0
            ]
        ],
        "T_ifcLocal_to_pdfLocal": [
            [
                58.30381257001276,
                0.9065978634353042,
                127.40846925132578
            ],
            [
                -1.2829566006977113,
                64.20121983063449,
                74.55055837010627
            ],
            [
                0.0,
                0.0,
                1.0
            ]
        ],
        "T_ifcWorld_to_pdfPage": [
            [
                58.30381257001276,
                0.9065978634353042,
                43919.31190149303
            ],
            [
                -1.2829566006977113,
                64.20121983063449,
                -6154.224360618587
            ],
            [
                0.0,
                0.0,
                1.0
            ]
        ],
        "T_pdfPage_to_ifcWorld": [
            [
                0.01714620914383692,
                -0.0002421249411899812,
                -754.5397985277901
            ],
            [
                0.00034263900679862877,
                0.015571189563776658,
                80.78012472799745
            ],
            [
                0.0,
                0.0,
                1.0
            ]
        ],
        "pdf_meta": {
            "method": "vector",
            "page_width_pt": 2383.92,
            "page_height_pt": 1683.839,
            "bbox": [
                0.0,
                0.0,
                1813.92,
                1315.9189999999999
            ],
            "shift": [
                21.839,
                205.44000000000005
            ],
            "coord_system": {
                "units": "pt",
                "y_axis": "up"
            }
        },
        "ifc_meta": {
            "bbox": [
                0.0,
                0.0,
                30.880953128001124,
                19.108749701675876
            ],
            "shift": [
                -752.0485629032977,
                85.19104879307753
            ],
            "unit_name": "mm",
            "unit_scale_to_m": 0.001
        }
    },
    {
        "timestamp": "2026-03-05T16:30:01.456249",
        "pdf_path": "temp_S\u00c3_HK\u00c3_TASO 1.KRS.pdf",
        "ifc_path": "temp_Asikainen1.ifc",
        "config": {
            "out_size": 2048,
            "margin": 10
        },
        "ecc_affine_score": 0.17502222485478658,
        "ecc_affine_warp": [
            [
                1.0070827007293701,
                0.015766186639666557,
                -69.90235137939453
            ],
            [
                -0.03832615911960602,
                1.0721142292022705,
                -24.93049430847168
            ]
        ],
        "ecc_euclidean_score": 0.10164837777118806,
        "ecc_euclidean_warp": [
            [
                0.9999853372573853,
                -0.005410054232925177,
                -92.84954071044922
            ],
            [
                0.005410054232925177,
                0.9999853372573853,
                2.0242953300476074
            ]
        ],
        "metrics": {
            "type": "ifc_to_pdf_trimmed_chamfer",
            "trim_q": 90.0,
            "mean_px": 16.182327270507812,
            "median_px": 10.505000114440918,
            "p90_px": 42.883705139160156,
            "within_2px": 0.261319804010147,
            "within_5px": 0.35714864880518005,
            "n_points": 383686,
            "n_used": 345324,
            "cutoff_px": 70.67007446289062
        },
        "A_pdf": [
            [
                1.118020640381053,
                0.0,
                10.0
            ],
            [
                0.0,
                -1.5411282913310016,
                2038.0
            ],
            [
                0.0,
                0.0,
                1.0
            ]
        ],
        "A_ifc": [
            [
                65.67154814146986,
                0.0,
                10.0
            ],
            [
                0.0,
                -106.12939264268768,
                2038.0
            ],
            [
                0.0,
                0.0,
                1.0
            ]
        ],
        "W_pdfPix_to_ifcPix": [
            [
                1.0071532300597046,
                0.010317583436143196,
                -163.377602181568
            ],
            [
                -0.03252540102912438,
                1.072305855666651,
                -19.20165220956892
            ],
            [
                0.0,
                0.0,
                1.0
            ]
        ],
        "T_ifcLocal_to_pdfLocal": [
            [
                58.30381257001276,
                0.9065978634353042,
                127.40846925132578
            ],
            [
                -1.2829566006977113,
                64.20121983063449,
                74.55055837010627
            ],
            [
                0.0,
                0.0,
                1.0
            ]
        ],
        "T_ifcWorld_to_pdfPage": [
            [
                58.30381257001276,
                0.9065978634353042,
                43919.31190149303
            ],
            [
                -1.2829566006977113,
                64.20121983063449,
                -6154.224360618587
            ],
            [
                0.0,
                0.0,
                1.0
            ]
        ],
        "T_pdfPage_to_ifcWorld": [
            [
                0.01714620914383692,
                -0.0002421249411899812,
                -754.5397985277901
            ],
            [
                0.00034263900679862877,
                0.015571189563776658,
                80.78012472799745
            ],
            [
                0.0,
                0.0,
                1.0
            ]
        ],
        "pdf_meta": {
            "method": "vector",
            "page_width_pt": 2383.92,
            "page_height_pt": 1683.839,
            "bbox": [
                0.0,
                0.0,
                1813.92,
                1315.9189999999999
            ],
            "shift": [
                21.839,
                205.44000000000005
            ],
            "coord_system": {
                "units": "pt",
                "y_axis": "up"
            }
        },
        "ifc_meta": {
            "bbox": [
                0.0,
                0.0,
                30.880953128001124,
                19.108749701675876
            ],
            "shift": [
                -752.0485629032977,
                85.19104879307753
            ],
            "unit_name": "mm",
            "unit_scale_to_m": 0.001
        }
    },
    {
        "timestamp": "2026-03-05T16:35:09.239656",
        "pdf_path": "temp_S\u00c3_HK\u00c3_TASO 1.KRS.pdf",
        "ifc_path": "temp_Asikainen1.ifc",
        "config": {
            "out_size": 2048,
            "margin": 10
        },
        "ecc_affine_score": 0.47338818455995085,
        "ecc_affine_warp": [
            [
                1.0310531854629517,
                0.07280252128839493,
                -90.92985534667969
            ],
            [
                -0.16212433576583862,
                1.2112833261489868,
                -45.58612823486328
            ]
        ],
        "ecc_euclidean_score": 0.4827691087942689,
        "ecc_euclidean_warp": [
            [
                1.0,
                4.384174644656014e-06,
                -0.007501284126192331
            ],
            [
                -4.384174644656014e-06,
                1.0,
                0.007922274060547352
            ]
        ],
        "metrics": {
            "type": "ifc_to_pdf_trimmed_chamfer",
            "trim_q": 90.0,
            "mean_px": 2.0514845848083496,
            "median_px": 0.0,
            "p90_px": 7.387199878692627,
            "within_2px": 0.7581814037461694,
            "within_5px": 0.8538219683127766,
            "n_points": 307026,
            "n_used": 276389,
            "cutoff_px": 17.76580047607422
        },
        "A_pdf": [
            [
                1.118020640381053,
                0.0,
                10.0
            ],
            [
                0.0,
                -1.5411282913310016,
                2038.0
            ],
            [
                0.0,
                0.0,
                1.0
            ]
        ],
        "A_ifc": [
            [
                65.67154814146986,
                0.0,
                10.0
            ],
            [
                0.0,
                -106.12939264268768,
                2038.0
            ],
            [
                0.0,
                0.0,
                1.0
            ]
        ],
        "W_pdfPix_to_ifcPix": [
            [
                1.0310528662839837,
                0.07280704160562793,
                -90.93701280804711
            ],
            [
                -0.1621296462434846,
                1.2112826153675846,
                -45.57531597568221
            ],
            [
                0.0,
                0.0,
                1.0
            ]
        ],
        "T_ifcLocal_to_pdfLocal": [
            [
                56.4366153854528,
                5.48210418884541,
                -29.828330211604708
            ],
            [
                -5.480105755071922,
                56.32041714001525,
                208.27955234584806
            ],
            [
                0.0,
                0.0,
                1.0
            ]
        ],
        "T_ifcWorld_to_pdfPage": [
            [
                56.4366153854528,
                5.48210418884541,
                41968.05996010365
            ],
            [
                -5.480105755071922,
                56.32041714001525,
                -8505.5815099356
            ],
            [
                0.0,
                0.0,
                1.0
            ]
        ],
        "T_pdfPage_to_ifcWorld": [
            [
                0.017553086815409118,
                -0.0017085784453388267,
                -751.2014531869432
            ],
            [
                0.0017079556040442802,
                0.017589301708578194,
                77.92765618543596
            ],
            [
                0.0,
                0.0,
                1.0
            ]
        ],
        "pdf_meta": {
            "method": "vector",
            "page_width_pt": 2383.92,
            "page_height_pt": 1683.839,
            "bbox": [
                0.0,
                0.0,
                1813.92,
                1315.9189999999999
            ],
            "shift": [
                21.839,
                205.44000000000005
            ],
            "coord_system": {
                "units": "pt",
                "y_axis": "up"
            }
        },
        "ifc_meta": {
            "bbox": [
                0.0,
                0.0,
                30.880953128001124,
                19.108749701675876
            ],
            "shift": [
                -752.0485629032977,
                85.19104879307753
            ],
            "unit_name": "mm",
            "unit_scale_to_m": 0.001
        }
    },
    {
        "timestamp": "2026-03-05T16:50:39.336659",
        "pdf_path": "temp_S\u00c3_HK\u00c3_TASO 1.KRS.pdf",
        "ifc_path": "temp_Asikainen1.ifc",
        "config": {
            "out_size": 2048,
            "margin": 10
        },
        "ecc_affine_score": 0.47338818455995085,
        "ecc_affine_warp": [
            [
                1.0310531854629517,
                0.07280252128839493,
                -90.92985534667969
            ],
            [
                -0.16212433576583862,
                1.2112833261489868,
                -45.58612823486328
            ]
        ],
        "ecc_euclidean_score": 0.4827691087942689,
        "ecc_euclidean_warp": [
            [
                1.0,
                4.384174644656014e-06,
                -0.007501284126192331
            ],
            [
                -4.384174644656014e-06,
                1.0,
                0.007922274060547352
            ]
        ],
        "metrics": {
            "type": "ifc_to_pdf_trimmed_chamfer",
            "trim_q": 90.0,
            "mean_px": 2.0514845848083496,
            "median_px": 0.0,
            "p90_px": 7.387199878692627,
            "within_2px": 0.7581814037461694,
            "within_5px": 0.8538219683127766,
            "n_points": 307026,
            "n_used": 276389,
            "cutoff_px": 17.76580047607422
        },
        "A_pdf": [
            [
                1.118020640381053,
                0.0,
                10.0
            ],
            [
                0.0,
                -1.5411282913310016,
                2038.0
            ],
            [
                0.0,
                0.0,
                1.0
            ]
        ],
        "A_ifc": [
            [
                65.67154814146986,
                0.0,
                10.0
            ],
            [
                0.0,
                -106.12939264268768,
                2038.0
            ],
            [
                0.0,
                0.0,
                1.0
            ]
        ],
        "W_pdfPix_to_ifcPix": [
            [
                1.0310528662839837,
                0.07280704160562793,
                -90.93701280804711
            ],
            [
                -0.1621296462434846,
                1.2112826153675846,
                -45.57531597568221
            ],
            [
                0.0,
                0.0,
                1.0
            ]
        ],
        "T_ifcLocal_to_pdfLocal": [
            [
                56.4366153854528,
                5.48210418884541,
                -29.828330211604708
            ],
            [
                -5.480105755071922,
                56.32041714001525,
                208.27955234584806
            ],
            [
                0.0,
                0.0,
                1.0
            ]
        ],
        "T_ifcWorld_to_pdfPage": [
            [
                56.4366153854528,
                5.48210418884541,
                41968.05996010365
            ],
            [
                -5.480105755071922,
                56.32041714001525,
                -8505.5815099356
            ],
            [
                0.0,
                0.0,
                1.0
            ]
        ],
        "T_pdfPage_to_ifcWorld": [
            [
                0.017553086815409118,
                -0.0017085784453388267,
                -751.2014531869432
            ],
            [
                0.0017079556040442802,
                0.017589301708578194,
                77.92765618543596
            ],
            [
                0.0,
                0.0,
                1.0
            ]
        ],
        "pdf_meta": {
            "method": "vector",
            "page_width_pt": 2383.92,
            "page_height_pt": 1683.839,
            "bbox": [
                0.0,
                0.0,
                1813.92,
                1315.9189999999999
            ],
            "shift": [
                21.839,
                205.44000000000005
            ],
            "coord_system": {
                "units": "pt",
                "y_axis": "up"
            }
        },
        "ifc_meta": {
            "bbox": [
                0.0,
                0.0,
                30.880953128001124,
                19.108749701675876
            ],
            "shift": [
                -752.0485629032977,
                85.19104879307753
            ],
            "unit_name": "mm",
            "unit_scale_to_m": 0.001
        }
    },
    {
        "timestamp": "2026-03-05T17:01:11.794297",
        "pdf_path": "temp_S\u00c3_HK\u00c3_TASO 1.KRS.pdf",
        "ifc_path": "temp_Asikainen1.ifc",
        "config": {
            "out_size": 2048,
            "margin": 10
        },
        "ecc_affine_score": 0.47338818455995085,
        "ecc_affine_warp": [
            [
                1.0310531854629517,
                0.07280252128839493,
                -90.92985534667969
            ],
            [
                -0.16212433576583862,
                1.2112833261489868,
                -45.58612823486328
            ]
        ],
        "ecc_euclidean_score": 0.4827691087942689,
        "ecc_euclidean_warp": [
            [
                1.0,
                4.384174644656014e-06,
                -0.007501284126192331
            ],
            [
                -4.384174644656014e-06,
                1.0,
                0.007922274060547352
            ]
        ],
        "metrics": {
            "type": "ifc_to_pdf_trimmed_chamfer",
            "trim_q": 90.0,
            "mean_px": 2.0514845848083496,
            "median_px": 0.0,
            "p90_px": 7.387199878692627,
            "within_2px": 0.7581814037461694,
            "within_5px": 0.8538219683127766,
            "n_points": 307026,
            "n_used": 276389,
            "cutoff_px": 17.76580047607422
        },
        "A_pdf": [
            [
                1.118020640381053,
                0.0,
                10.0
            ],
            [
                0.0,
                -1.5411282913310016,
                2038.0
            ],
            [
                0.0,
                0.0,
                1.0
            ]
        ],
        "A_ifc": [
            [
                65.67154814146986,
                0.0,
                10.0
            ],
            [
                0.0,
                -106.12939264268768,
                2038.0
            ],
            [
                0.0,
                0.0,
                1.0
            ]
        ],
        "W_pdfPix_to_ifcPix": [
            [
                1.0310528662839837,
                0.07280704160562793,
                -90.93701280804711
            ],
            [
                -0.1621296462434846,
                1.2112826153675846,
                -45.57531597568221
            ],
            [
                0.0,
                0.0,
                1.0
            ]
        ],
        "T_ifcLocal_to_pdfLocal": [
            [
                56.4366153854528,
                5.48210418884541,
                -29.828330211604708
            ],
            [
                -5.480105755071922,
                56.32041714001525,
                208.27955234584806
            ],
            [
                0.0,
                0.0,
                1.0
            ]
        ],
        "T_ifcWorld_to_pdfPage": [
            [
                56.4366153854528,
                5.48210418884541,
                41968.05996010365
            ],
            [
                -5.480105755071922,
                56.32041714001525,
                -8505.5815099356
            ],
            [
                0.0,
                0.0,
                1.0
            ]
        ],
        "T_pdfPage_to_ifcWorld": [
            [
                0.017553086815409118,
                -0.0017085784453388267,
                -751.2014531869432
            ],
            [
                0.0017079556040442802,
                0.017589301708578194,
                77.92765618543596
            ],
            [
                0.0,
                0.0,
                1.0
            ]
        ],
        "pdf_meta": {
            "method": "vector",
            "page_width_pt": 2383.92,
            "page_height_pt": 1683.839,
            "bbox": [
                0.0,
                0.0,
                1813.92,
                1315.9189999999999
            ],
            "shift": [
                21.839,
                205.44000000000005
            ],
            "coord_system": {
                "units": "pt",
                "y_axis": "up"
            }
        },
        "ifc_meta": {
            "bbox": [
                0.0,
                0.0,
                30.880953128001124,
                19.108749701675876
            ],
            "shift": [
                -752.0485629032977,
                85.19104879307753
            ],
            "unit_name": "mm",
            "unit_scale_to_m": 0.001
        }
    },
    {
        "timestamp": "2026-03-05T17:05:53.833470",
        "pdf_path": "temp_S\u00c3_HK\u00c3_TASO 1.KRS.pdf",
        "ifc_path": "temp_Asikainen1.ifc",
        "config": {
            "out_size": 2048,
            "margin": 10
        },
        "ecc_affine_score": 0.47338818455995085,
        "ecc_affine_warp": [
            [
                1.0310531854629517,
                0.07280252128839493,
                -90.92985534667969
            ],
            [
                -0.16212433576583862,
                1.2112833261489868,
                -45.58612823486328
            ]
        ],
        "ecc_euclidean_score": 0.4827691087942689,
        "ecc_euclidean_warp": [
            [
                1.0,
                4.384174644656014e-06,
                -0.007501284126192331
            ],
            [
                -4.384174644656014e-06,
                1.0,
                0.007922274060547352
            ]
        ],
        "metrics": {
            "type": "ifc_to_pdf_trimmed_chamfer",
            "trim_q": 90.0,
            "mean_px": 2.0514845848083496,
            "median_px": 0.0,
            "p90_px": 7.387199878692627,
            "within_2px": 0.7581814037461694,
            "within_5px": 0.8538219683127766,
            "n_points": 307026,
            "n_used": 276389,
            "cutoff_px": 17.76580047607422
        },
        "A_pdf": [
            [
                1.118020640381053,
                0.0,
                10.0
            ],
            [
                0.0,
                -1.5411282913310016,
                2038.0
            ],
            [
                0.0,
                0.0,
                1.0
            ]
        ],
        "A_ifc": [
            [
                65.67154814146986,
                0.0,
                10.0
            ],
            [
                0.0,
                -106.12939264268768,
                2038.0
            ],
            [
                0.0,
                0.0,
                1.0
            ]
        ],
        "W_pdfPix_to_ifcPix": [
            [
                1.0310528662839837,
                0.07280704160562793,
                -90.93701280804711
            ],
            [
                -0.1621296462434846,
                1.2112826153675846,
                -45.57531597568221
            ],
            [
                0.0,
                0.0,
                1.0
            ]
        ],
        "T_ifcLocal_to_pdfLocal": [
            [
                56.4366153854528,
                5.48210418884541,
                -29.828330211604708
            ],
            [
                -5.480105755071922,
                56.32041714001525,
                208.27955234584806
            ],
            [
                0.0,
                0.0,
                1.0
            ]
        ],
        "T_ifcWorld_to_pdfPage": [
            [
                56.4366153854528,
                5.48210418884541,
                41968.05996010365
            ],
            [
                -5.480105755071922,
                56.32041714001525,
                -8505.5815099356
            ],
            [
                0.0,
                0.0,
                1.0
            ]
        ],
        "T_pdfPage_to_ifcWorld": [
            [
                0.017553086815409118,
                -0.0017085784453388267,
                -751.2014531869432
            ],
            [
                0.0017079556040442802,
                0.017589301708578194,
                77.92765618543596
            ],
            [
                0.0,
                0.0,
                1.0
            ]
        ],
        "pdf_meta": {
            "method": "vector",
            "page_width_pt": 2383.92,
            "page_height_pt": 1683.839,
            "bbox": [
                0.0,
                0.0,
                1813.92,
                1315.9189999999999
            ],
            "shift": [
                21.839,
                205.44000000000005
            ],
            "coord_system": {
                "units": "pt",
                "y_axis": "up"
            }
        },
        "ifc_meta": {
            "bbox": [
                0.0,
                0.0,
                30.880953128001124,
                19.108749701675876
            ],
            "shift": [
                -752.0485629032977,
                85.19104879307753
            ],
            "unit_name": "mm",
            "unit_scale_to_m": 0.001
        }
    },
    {
        "timestamp": "2026-03-05T17:24:58.961360",
        "pdf_path": "temp_S\u00c3_HK\u00c3_TASO 1.KRS.pdf",
        "ifc_path": "temp_Asikainen1.ifc",
        "config": {
            "out_size": 2048,
            "margin": 10
        },
        "ecc_affine_score": 0.47338818455995085,
        "ecc_affine_warp": [
            [
                1.0310531854629517,
                0.07280252128839493,
                -90.92985534667969
            ],
            [
                -0.16212433576583862,
                1.2112833261489868,
                -45.58612823486328
            ]
        ],
        "ecc_euclidean_score": 0.4827691087942689,
        "ecc_euclidean_warp": [
            [
                1.0,
                4.384174644656014e-06,
                -0.007501284126192331
            ],
            [
                -4.384174644656014e-06,
                1.0,
                0.007922274060547352
            ]
        ],
        "metrics": {
            "type": "ifc_to_pdf_trimmed_chamfer",
            "trim_q": 90.0,
            "mean_px": 2.0514845848083496,
            "median_px": 0.0,
            "p90_px": 7.387199878692627,
            "within_2px": 0.7581814037461694,
            "within_5px": 0.8538219683127766,
            "n_points": 307026,
            "n_used": 276389,
            "cutoff_px": 17.76580047607422
        },
        "A_pdf": [
            [
                1.118020640381053,
                0.0,
                10.0
            ],
            [
                0.0,
                -1.5411282913310016,
                2038.0
            ],
            [
                0.0,
                0.0,
                1.0
            ]
        ],
        "A_ifc": [
            [
                65.67154814146986,
                0.0,
                10.0
            ],
            [
                0.0,
                -106.12939264268768,
                2038.0
            ],
            [
                0.0,
                0.0,
                1.0
            ]
        ],
        "W_pdfPix_to_ifcPix": [
            [
                1.0310528662839837,
                0.07280704160562793,
                -90.93701280804711
            ],
            [
                -0.1621296462434846,
                1.2112826153675846,
                -45.57531597568221
            ],
            [
                0.0,
                0.0,
                1.0
            ]
        ],
        "T_ifcLocal_to_pdfLocal": [
            [
                56.4366153854528,
                5.48210418884541,
                -29.828330211604708
            ],
            [
                -5.480105755071922,
                56.32041714001525,
                208.27955234584806
            ],
            [
                0.0,
                0.0,
                1.0
            ]
        ],
        "T_ifcWorld_to_pdfPage": [
            [
                56.4366153854528,
                5.48210418884541,
                41968.05996010365
            ],
            [
                -5.480105755071922,
                56.32041714001525,
                -8505.5815099356
            ],
            [
                0.0,
                0.0,
                1.0
            ]
        ],
        "T_pdfPage_to_ifcWorld": [
            [
                0.017553086815409118,
                -0.0017085784453388267,
                -751.2014531869432
            ],
            [
                0.0017079556040442802,
                0.017589301708578194,
                77.92765618543596
            ],
            [
                0.0,
                0.0,
                1.0
            ]
        ],
        "pdf_meta": {
            "method": "vector",
            "page_width_pt": 2383.92,
            "page_height_pt": 1683.839,
            "bbox": [
                0.0,
                0.0,
                1813.92,
                1315.9189999999999
            ],
            "shift": [
                21.839,
                205.44000000000005
            ],
            "coord_system": {
                "units": "pt",
                "y_axis": "up"
            }
        },
        "ifc_meta": {
            "bbox": [
                0.0,
                0.0,
                30.880953128001124,
                19.108749701675876
            ],
            "shift": [
                -752.0485629032977,
                85.19104879307753
            ],
            "unit_name": "mm",
            "unit_scale_to_m": 0.001
        }
    },
    {
        "timestamp": "2026-03-05T17:36:44.388121",
        "pdf_path": "temp_S\u00c3_HK\u00c3_TASO 1.KRS.pdf",
        "ifc_path": "temp_Asikainen1.ifc",
        "config": {
            "out_size": 2048,
            "margin": 10
        },
        "ecc_affine_score": 0.47338818455995085,
        "ecc_affine_warp": [
            [
                1.0310531854629517,
                0.07280252128839493,
                -90.92985534667969
            ],
            [
                -0.16212433576583862,
                1.2112833261489868,
                -45.58612823486328
            ]
        ],
        "ecc_euclidean_score": 0.4827691087942689,
        "ecc_euclidean_warp": [
            [
                1.0,
                4.384174644656014e-06,
                -0.007501284126192331
            ],
            [
                -4.384174644656014e-06,
                1.0,
                0.007922274060547352
            ]
        ],
        "metrics": {
            "type": "ifc_to_pdf_trimmed_chamfer",
            "trim_q": 90.0,
            "mean_px": 2.0514845848083496,
            "median_px": 0.0,
            "p90_px": 7.387199878692627,
            "within_2px": 0.7581814037461694,
            "within_5px": 0.8538219683127766,
            "n_points": 307026,
            "n_used": 276389,
            "cutoff_px": 17.76580047607422
        },
        "A_pdf": [
            [
                1.118020640381053,
                0.0,
                10.0
            ],
            [
                0.0,
                -1.5411282913310016,
                2038.0
            ],
            [
                0.0,
                0.0,
                1.0
            ]
        ],
        "A_ifc": [
            [
                65.67154814146986,
                0.0,
                10.0
            ],
            [
                0.0,
                -106.12939264268768,
                2038.0
            ],
            [
                0.0,
                0.0,
                1.0
            ]
        ],
        "W_pdfPix_to_ifcPix": [
            [
                1.0310528662839837,
                0.07280704160562793,
                -90.93701280804711
            ],
            [
                -0.1621296462434846,
                1.2112826153675846,
                -45.57531597568221
            ],
            [
                0.0,
                0.0,
                1.0
            ]
        ],
        "T_ifcLocal_to_pdfLocal": [
            [
                56.4366153854528,
                5.48210418884541,
                -29.828330211604708
            ],
            [
                -5.480105755071922,
                56.32041714001525,
                208.27955234584806
            ],
            [
                0.0,
                0.0,
                1.0
            ]
        ],
        "T_ifcWorld_to_pdfPage": [
            [
                56.4366153854528,
                5.48210418884541,
                41968.05996010365
            ],
            [
                -5.480105755071922,
                56.32041714001525,
                -8505.5815099356
            ],
            [
                0.0,
                0.0,
                1.0
            ]
        ],
        "T_pdfPage_to_ifcWorld": [
            [
                0.017553086815409118,
                -0.0017085784453388267,
                -751.2014531869432
            ],
            [
                0.0017079556040442802,
                0.017589301708578194,
                77.92765618543596
            ],
            [
                0.0,
